   -0.01754447
   -0.02715371
   -0.02549174
   -0.01668708
   -0.03403278
   -0.02902708
    0.03577571
    0.03429935
    0.05816355
    0.03828987
    0.26648347
    0.02935943
   -0.18738777
    0.01813579
   -0.06593792
    0.06191166
    0.03762720
    0.00002787
    0.03698837
    0.05911416
    0.16355564
   -0.43369379
   -0.04000162
   -0.06724217
    0.14104387
   -0.05595563
   -0.04095754
    0.04467597
    0.03376761
   -0.28585407
    0.04554144
    0.03417782
    0.08267496
   -0.07469940
    0.03832488
    0.04248043
    0.14665244
    0.04718160
    0.05488356
   -0.02824633
   -0.10954751
   -0.44805311
   -0.06169836
    0.22265878
    0.00196918
   -0.10233438
    0.06659686
    0.04097366
    0.05405433
   -0.08582121
    0.04765447
    0.04949740
   -0.37370763
    0.06768222
    0.05917816
    0.28945359
    0.04760084
    0.05741313
    0.05520601
