$coord
        -15.750673421639          3.855724788104          0.290343308739     c 
        -18.292611179335          4.415837905328          0.310586031442     c 
        -20.038912112768          2.564963883657         -0.259952429016     c 
        -14.917522195973          1.443008155707         -0.308194426375     c 
        -16.694362113922         -0.409703241355         -0.861814057310     c 
        -19.236450516821          0.152381757332         -0.841526927493     c 
        -22.028053814842          3.000414607680         -0.241643571944     h 
        -20.601149752867         -1.296494670368         -1.272343431323     h 
        -14.366357669647          5.272599394028          0.755691069282     h 
        -18.916359035369          6.296973705350          0.778534795668     h 
        -12.174224627179          0.897837388909         -0.274874106445     c 
        -16.071736633066         -2.300776819149         -1.271605012551     h 
        -11.269587947393         -1.101569874488         -1.690253769147     n 
         -8.571484942115         -1.574882368858         -1.840846971745     c 
         -7.451292182666         -2.187720507546          0.735046650243     c 
         -7.672421388203          0.121843831886         -2.615075765373     h 
         -8.178550969414         -3.106133311509         -3.178945621396     h 
         -4.638564570913         -2.494912515819          0.678646238206     c 
         -8.334237332512         -3.899620560303          1.491723430357     h 
         -7.956281375419         -0.680383960364          2.062926925434     h 
        -12.386667486332         -1.985229888830         -2.998736067177     h 
        -10.753466781024          2.216205391208          0.978195543414     o 
         -3.069694604921         -0.406378109651          0.889363543977     c 
         -0.484321127276         -0.658312119363          0.795953153691     c 
          0.629363743622         -3.029052556484          0.476483592797     c 
         -0.965815831779         -5.116582785658          0.240454224199     c 
         -3.548281609392         -4.852231792507          0.333874750945     c 
         -3.908278031504          1.432256492641          1.126116078476     h 
          0.683163049624          0.994406379547          0.964740901893     h 
          3.234261863298         -3.472034752594          0.372619443752     o 
         -0.118022449297         -6.945653825600         -0.016655079017     h 
         -4.749286868477         -6.482390838497          0.139011964715     h 
          4.766564565694         -1.286146558295          0.695094969362     c 
          7.560121597391         -1.926958356956          0.644214692959     c 
          4.250384915210         -0.403850005442          2.494310730288     h 
          4.313301372167          0.044644976975         -0.825514315154     h 
          9.286237653867          0.429950741955          0.789726903171     c 
          7.977105346695         -2.953514636849         -1.100258050348     h 
          8.010463602989         -3.226640946252          2.186785010210     h 
         12.015949700720         -0.358114116041          0.496171598773     c 
          8.952298057313          1.775300200048          3.276050782294     c 
          8.615613337394          2.102654160651         -1.215837152887     o 
         13.799808770788          1.229466856549         -0.239692277802     c 
         16.435472725264          0.427720314714         -0.476209085804     c 
         18.422167671700          2.303777341452         -1.093869411640     c 
         20.799060680584          1.326853631657         -2.208575162577     c 
         20.810847884532         -0.734175103151         -2.174169600401     h 
         22.439786820856          1.985221460207         -1.150879532481     h 
         21.000155141945          1.935155676536         -4.166437903469     h 
         18.133113307694          4.754868628607         -0.642487210473     c 
         16.459945766758          5.492045184004          0.223033194962     h 
         19.599774582847          6.074801084175         -1.094532296473     h 
         16.998260500391         -1.777713021054         -0.189339144689     o 
         12.542732668490         -2.260489795027          0.980374519590     h 
         13.292292328092          3.136397013014         -0.714275941849     h 
          9.180366055878          1.468391929383         -2.868894885536     h 
          9.296981701391          0.578200456699          4.869555142641     h 
          7.148095729993          2.670344106982          3.440234255518     h 
         16.812510794675         10.642526831237          9.415124830138     h 
$end
