   -0.02522765
   -0.03135334
   -0.03132109
   -0.01048941
   -0.03095078
   -0.03169028
    0.04869709
    0.04846553
    0.09081486
    0.05155391
    0.28290136
    0.05367584
   -0.30030145
    0.01622466
   -0.05276424
    0.07445806
    0.04535037
   -0.00999016
    0.05729168
    0.10863114
    0.11382057
   -0.49235770
   -0.03480702
   -0.04035849
    0.10988972
   -0.03559948
   -0.03473279
    0.06441268
    0.05673546
   -0.37354352
    0.07624083
    0.04910829
    0.05213659
   -0.05142717
    0.04988769
    0.07116329
    0.09464851
    0.07096434
    0.05987404
   -0.03358956
   -0.06072901
   -0.46125282
   -0.03697979
    0.20046889
   -0.01236875
   -0.07156946
    0.09713836
    0.05274962
    0.05041839
   -0.06817883
    0.05288658
    0.05263481
   -0.47839095
    0.09108411
    0.06664649
    0.25519228
    0.05177285
    0.06797829
    0.02405657
