           1           2   1.4488320642385339     
           2           3   1.4365131435541623     
           1           4   1.3975260348937715     
           3           4  0.10678192905572000     
           2           5  0.10943149852001424     
           4           5   1.3964144093514772     
           1           6  0.10945920481449352     
           3           6   1.4351611087219494     
           5           6   1.4493112357721829     
           3           7  0.97009345710866957     
           6           8  0.96935543019544435     
           1           9  0.96854056801482014     
           2          10  0.96956011565806044     
           4          11  0.98675493476855436     
           5          12  0.96496780038884744     
          11          13   1.2797414386430572     
          13          14  0.99329342137995025     
          14          15  0.97638878292811560     
          14          16  0.96788757537443360     
          14          17  0.96881772476372963     
          15          18   1.0099275251696955     
          15          19  0.97373197309014792     
          15          20  0.97022443682462878     
          13          21  0.92615742482189989     
          11          22   1.6096798579978535     
          13          22  0.19576725730855662     
          18          23   1.4158577050053871     
          23          24   1.4429630771938950     
          24          25   1.3743597211760492     
          23          26  0.10927032432154155     
          25          26   1.3513440021636987     
          18          27   1.3962505946243426     
          24          27  0.10200197156299709     
          26          27   1.4683526623515037     
          23          28  0.96887231063631385     
          24          29  0.96605429122721009     
          25          30   1.0515479836033372     
          26          31  0.96810567413960680     
          27          32  0.96747207405237501     
          30          33  0.96156598314760811     
          33          34  0.99773362438995605     
          33          35  0.96775848483724058     
          33          36  0.96763042407468802     
          34          37  0.98310028661855486     
          34          38  0.97051970151894895     
          34          39  0.97409659138649696     
          37          40  0.93925670308239251     
          37          41  0.95787817043207846     
          40          41  0.95608854530663057     
          37          42  0.99665763671556551     
          40          43  0.99838415971007677     
          43          44  0.98986782829147435     
          44          45   1.0273283773431190     
          45          46   1.0233781126929162     
          46          47  0.96533218433439616     
          46          48  0.98260926452910458     
          46          49  0.96825753175658491     
          45          50   1.8598848790845310     
          50          51  0.97142048324784047     
          50          52  0.97176055898596625     
          44          53   1.7773255512406072     
          40          54  0.97035423789672459     
          43          55  0.96511177273619420     
          42          56  0.85436074100509107     
          41          57  0.97875337473025159     
          41          58  0.97613353718008777     
          43          59  0.93106605631289685     
